rot:
  max: 172.32921284408567
  mean: 153.90069123775922
  median: 158.1148153149764
  min: 117.17598781984644
  num_samples: 2840
  rmse: 154.34992568739605
  std: 11.767616421543712
scale:
  max: 2.8942274766010856
  mean: 0.8520477438850138
  median: 0.7037795087229515
  min: 0.00019664717998413295
  num_samples: 2840
  rmse: 1.0693933518663714
  std: 0.6462327623669742
trans:
  max: 0.1929266649904862
  mean: 0.07790551432098641
  median: 0.07398948828937367
  min: 0.003412606790430135
  num_samples: 2840
  rmse: 0.08548462443136176
  std: 0.03519022382073685
